[?25l[0m           [38;5;237m▄[38;5;166;48;5;237m▄[0m[38;5;130m▄[38;5;58m▄[0m              [38;5;94m▄[38;5;130;48;5;236m▄[38;5;166m▄[0m[38;5;236m▄[0m          [0m
           [38;5;237;48;5;238m▄[38;5;94;48;5;94m▄[38;5;238;48;5;238m▄[38;5;7;48;5;131m▄[38;5;137;48;5;94m▄[38;5;130;48;5;235m▄[0m[38;5;235m▄[38;5;237m▄[38;5;94m▄▄[38;5;130m▄▄[38;5;94m▄▄[38;5;237m▄[38;5;235m▄[38;5;130;48;5;235m▄[38;5;137;48;5;130m▄[38;5;250;48;5;131m▄[38;5;237;48;5;8m▄[38;5;130;48;5;130m▄[0m[7m[38;5;237m▄[0m          [0m
            [38;5;130;48;5;130m▄[38;5;52;48;5;236m▄[38;5;243;48;5;249m▄[38;5;187;48;5;253m▄[38;5;144;48;5;131m▄[38;5;130;48;5;1m▄[38;5;94;48;5;130m▄[38;5;166;48;5;166m▄▄▄▄▄▄[38;5;94;48;5;130m▄[38;5;130;48;5;94m▄[38;5;144;48;5;131m▄[38;5;7;48;5;253m▄[38;5;241;48;5;248m▄[38;5;1;48;5;236m▄[38;5;130;48;5;130m▄[0m           [0m
            [38;5;235;48;5;94m▄[38;5;130;48;5;88m▄[48;5;234m▄[48;5;52m▄[38;5;166;48;5;131m▄[48;5;166m▄▄▄▄[38;5;202;48;5;202m▄▄[38;5;166;48;5;166m▄▄▄▄[48;5;131m▄[38;5;130;48;5;52m▄[48;5;234m▄[48;5;130m▄[38;5;235;48;5;238m▄[0m           [0m
            [38;5;166;48;5;237m▄[38;5;202;48;5;166m▄▄▄[48;5;202m▄▄▄▄[38;5;166;48;5;166m▄[48;5;202m▄▄[48;5;166m▄[38;5;202;48;5;202m▄▄▄▄[48;5;166m▄▄[38;5;166m▄[38;5;130;48;5;236m▄[0m           [0m
           [38;5;1;48;5;237m▄[38;5;166;48;5;166m▄[48;5;202m▄▄[38;5;130;48;5;166m▄▄[38;5;94m▄[38;5;1m▄[38;5;130m▄▄[38;5;166m▄▄[38;5;130m▄▄[38;5;94m▄[38;5;1m▄[38;5;130m▄▄[38;5;166;48;5;202m▄▄[48;5;166m▄[38;5;238;48;5;237m▄[0m          [0m
           [38;5;239;48;5;130m▄[38;5;249m▄[38;5;254;48;5;131m▄[38;5;255m▄[38;5;250;48;5;130m▄[38;5;131;48;5;166m▄[48;5;130m▄[38;5;166;48;5;94m▄[38;5;94;48;5;52m▄[38;5;166;48;5;166m▄[38;5;202m▄▄[38;5;166m▄[38;5;94;48;5;52m▄[38;5;166;48;5;94m▄[38;5;131;48;5;130m▄[38;5;137;48;5;166m▄[38;5;251;48;5;130m▄[38;5;255;48;5;131m▄[38;5;254m▄[38;5;145;48;5;130m▄[38;5;8m▄[0m          [0m
           [38;5;145;48;5;7m▄[38;5;246;48;5;252m▄[38;5;254;48;5;253m▄[38;5;255;48;5;255m▄[38;5;253m▄[38;5;252m▄[38;5;254;48;5;254m▄[48;5;137m▄[38;5;130;48;5;166m▄[38;5;166m▄[38;5;202;48;5;202m▄▄[38;5;166;48;5;166m▄[38;5;131;48;5;130m▄[38;5;255;48;5;138m▄[38;5;254;48;5;254m▄[38;5;252;48;5;255m▄[38;5;254m▄[38;5;255m▄[38;5;254;48;5;253m▄[38;5;244;48;5;188m▄[38;5;247;48;5;248m▄[0m          [0m
            [7m[38;5;242m▄[0m[38;5;249;48;5;254m▄[38;5;247;48;5;252m▄[38;5;241;48;5;249m▄[38;5;59;48;5;248m▄[38;5;244;48;5;244m▄[38;5;240;48;5;249m▄[38;5;254;48;5;95m▄[38;5;95;48;5;166m▄[38;5;238;48;5;202m▄[38;5;239m▄[38;5;138;48;5;166m▄[38;5;7;48;5;95m▄[38;5;241;48;5;249m▄[38;5;242;48;5;244m▄[38;5;240;48;5;145m▄[38;5;241;48;5;250m▄[38;5;248;48;5;252m▄[48;5;254m▄[0m[7m[38;5;239m▄[0m           [0m
             [7m[38;5;238m▄▄[0m   [7m[38;5;237m▄[0m[38;5;102;48;5;254m▄[38;5;145;48;5;243m▄[38;5;239;48;5;234m▄[38;5;242m▄[38;5;249;48;5;248m▄[38;5;242;48;5;250m▄[0m[7m[38;5;237m▄[0m   [7m[38;5;239m▄[38;5;8m▄[0m            [0m
                    [7m[38;5;238m▄[38;5;243m▄▄[38;5;237m▄[0m                   [0m
[?25h